CF_7_calib_vb58_tune8700_pcbd={1.000000/0.036248,1.000000/0.046224,1.000000/0.059881,1.000000/0.047320,1.000000/0.066859,1.000000/0.130362,1.000000/0.064652,1.000000/0.074694,}
CF_26_2604_day={0.000000/0.000000,0.000000/0.000000,0.000000/0.000000,0.000000/0.000000,0.000000/0.000000,0.000000/0.000000,0.000000/0.000000,0.000000/0.000000,}
CF_26_2604_day={0.000000/0.000000,0.000000/0.000000,0.000000/0.000000,0.000000/0.000000,0.000000/0.000000,0.000000/0.000000,0.000000/0.000000,0.000000/0.000000,}
CF_26_2604_day={0.000000/0.000000,0.000000/0.000000,0.000000/0.000000,0.000000/0.000000,0.000000/0.000000,0.000000/0.000000,0.000000/0.000000,0.000000/0.000000,}
CF_26_2604_day={1.705649/0.024505,1.671494/0.026251,1.750823/0.029087,1.739022/0.027547,1.734912/0.026707,1.533942/0.027833,1.709095/0.030265,1.782051/0.034005,}
CF_26_2604_day={1.705649/0.024505,1.671494/0.026251,1.750823/0.029087,1.739022/0.027547,1.734912/0.026707,1.533942/0.027833,1.709095/0.030265,1.782051/0.034005,}
CF_26_2604_day={1.705649/0.024505,1.671494/0.026251,1.750823/0.029087,1.739022/0.027547,1.734912/0.026707,1.533942/0.027833,1.709095/0.030265,1.782051/0.034005,}
