
IW_17_cosmics_vb58_50k_2808={31.384567/172.386765,31.659218/172.890015,33.383270/174.231232,33.392029/175.291199,32.146500/173.523010,31.637451/171.598312,32.762871/173.424255,32.774857/173.041672,}
IW_18_cosmics_vb58_50k_2808_PARTS={31.285583/172.036728,31.590919/172.791046,33.560204/175.235535,33.572647/176.158905,31.615395/170.255768,31.875404/170.997040,32.773254/172.543701,32.637375/174.509888,}
IW_17_cosmics_vb58_50k_2808={31.384567/172.386765,31.659218/172.890015,33.383270/174.231232,33.392029/175.291199,32.146500/173.523010,31.637451/171.598312,32.762871/173.424255,32.774857/173.041672,}
IW_18_cosmics_vb58_50k_2808_PARTS={31.285477/172.046768,31.633217/172.873688,33.574707/175.246964,33.602165/176.231049,31.626442/170.266113,32.008331/171.125946,32.775154/172.380249,32.609032/174.485687,}
